157336
27205
24428
155
19995
293660
299536
550
278
680
13
118340
671
1726
603
299534
68718
120
475557
597
122
106646
11324
99861
49026
16869
76341
271110
121
672
284054
284052
315635
150540
68721
807
70160
673
238
283995
1771
272
634649
10138
11
10195
22
674
284053
12445
297761
105
14160
135397
286217
98
557
354912
245891
496243
102899
675
297762
767
12
140607
10681
37165
263115
12444
346364
862
100402
210577
585
8587
49051
259316
329865
497
281957
383498
24
694
209112
419430
808
9806
1930
2062
129
1891
77338
101299
76338
381288
269149
18785
274
313369
198663
205596
329
207703
1124
424694
374720
424
109445
324857
857
429617
335983
58
640
240832
333339
1892
6479
339403
299537
75656
244786
72190
131631
177572
558
348
330459
77
38
181808
49047
127585
1422
49521
101
120467
37724
118
20352
10193
1893
321612
752
44214
285
500
559
122917
447332
335984
152601
273248
438631
920
137113
393
78
863
1895
324786
1865
466272
297802
607
218
1271
12155
10528
280
353486
769
102382
10191
1894
8966
76600
425
324552
264660
57158
274870
363088
546554
62177
240
489
165
637
350
185
246655
162
4922
277834
87827
64690
85
260513
141052
102651
530915
190859
49538
194662
68726
103
809
6977
141
157350
70981
131634
296096
37799
146233
19908
72105
111
14
82690
745
490132
228150
64682
1724
399055
61791
138843
166426
14161
351286
372058
9502
2048
207
398818
62
73
161
11036
127380
82693
771
1359
38757
194
562
23483
216015
8358
1858
36657
414906
119450
115
872585
49530
332562
8681
604
601
812
93456
76203
18
458156
242582
36557
953
1949
578
75612
196
13223
291805
411
510
600
51876
629
1417
310
508442
222935
338952
497698
12405
854
346698
8844
361743
62211
45243
2080
577922
652
787
168259
206647
84892
4935
197
580489
453
343668
82992
89
293167
211672
641
19913
266856
64688
539
294254
1593
41154
59967
359940
679
36658
58574
181812
791373
502356
9799
605
56292
495764
301528
337339
420818
772
608
10020
1402
453395
399566
405774
420817
566525
602
392044
13475
515001
10674
110415
82702
381284
627
36668
17654
283366
262500
70
454626
9479
76170
950
8960
330457
423
287947
3933
568124
2501
399579
564
87
389
5915
176
591
337404
107
13183
954
316029
9738
670
156022
550988
9741
318846
124905
810
620
281338
429
177677
180
9487
18239
744
436969
54138
273481
474350
264644
68724
646380
126889
10625
138832
300668
747
512200
664413
39254
74
45269
50646
348350
106
122906
50620
330
533535
109439
14836
50619
524434
45612
8373
259693
24021
63
28
353081
275
76492
47971
359724
128
152532
50014
450465
464052
569094
217
315162
254128
68734
391713
114
87101
137
38356
4951
508943
435
51497
8392
8355
187
158015
402900
314365
594
4348
91314
616037
333371
290250
1366
493922
38700
9552
22538
170
95
447365
22970
268
466282
10764
315837
396535
2108
35
254
187017
137106
615457
49013
949
4011
328111
198184
278927
339846
4638
2503
335797
1979
336843
537915
10144
2105
693134
561
1372
50544
1954
338970
116745
27578
8871
598
340666
337167
256591
530385
2502
545611
406997
345940
584
58595
8363
153
458723
603692
44115
404368
57800
487558
121856
1091
4232
339964
257344
214756
20526
300669
4247
49444
10192
408
312221
163
9693
395992
11970
7191
331
773
96721
341174
619264
13804
766507
65
32657
587
384018
1824
718930
168672
1734
59436
310131
363676
75780
385128
9615
223702
956
44912
14574
621
44826
7326
955
65754
687163
324852
282035
8909
505642
616
18240
9339
62213
142
427641
398978
49519
7345
38055
83542
376867
322
109424
520763
1487
49018
10527
302946
295693
10201
2668
2649
492188
508
37735
454983
447404
150689
158852
13448
37135
257211
296
11688
68735
18360
527774
296098
6957
419704
3131
195589
1933
100
11321
370172
567
46195
9543
28178
76163
44896
206487
380
98566
439079
345
320288
39514
166428
81188
11224
1018
37686
507086
364
82675
381283
188927
436270
11544
76757
534
60304
117263
7446
293863
676
11631
661374
337401
1576
335787
927
270303
782
9737
53182
184
262504
328387
1368
254320
298
334543
2059
1637
242
203801
460465
57214
1813
5255
109414
331482
114150
22881
1022789
82700
51540
334533
36647
9532
8467
2454
68728
43074
373571
20504
335988
509
241259
38365
47964
522627
565
644
80278
7131
18823
1572
10555
424783
2034
497582
390043
238636
12477
788
545609
277
207932
9325
12230
341013
140300
235
86834
524
624860
80321
59859
39538
38575
423108
755
508439
440021
861
1995
1579
250546
88
1250
13053
593643
22794
512195
258489
49017
762
76493
420809
47933
628
181886
87502
1184918
1573
855
8077
260514
200727
3049
334541
406990
333484
242224
388
2300
1597
2675
166424
238713
1571
17431
426
385687
82654
302699
1538
13885
445571
83666
401981
39513
933260
1927
570670
338967
8247
80274
9340
1624
12092
1584
228967
8488
10386
31011
10895
324668
12162
948
4553
856
449176
181533
935
117
10315
451048
637649
389015
260346
630
49529
49040
10198
57201
159824
50546
4982
15
289
82507
311
251
10530
9654
274857
44833
496
345887
299687
346685
105864
3170
754
8961
568
396422
640146
5876
400106
756999
400928
27576
107985
1635
215
75
375262
508947
675353
306819
10140
64635
4108
2567
97020
527641
60308
13811
41733
8321
17578
395834
5548
297
157353
307081
377
76726
6114
480530
44264
2109
9509
72559
879
567609
225574
10009
37710
290859
559969
1562
22803
10693
23168
4523
369972
1991
503919
21208
8078
1581
11253
10340
792307
414
107846
2118
43347
49049
563
9444
82695
308266
6637
311324
353491
10096
2667
399404
85350
634
7485
49849
345920
9480
9836
316727
254470
453405
10882
23827
473033
324849
9377
4547
399174
415
976573
1830
1339713
524047
310307
320
16996
7443
544
613504
479455
268896
504172
10545
343611
1491
7551
1265
76285
138103
10112
2770
454
1061474
447200
332567
667538
5559
1700
4944
4248
36586
11774
11360
27022
431
9802
9880
575264
253412
338762
201085
81005
109428
615
9740
428078
274855
425909
97367
509967
88751
693
298312
2493
639933
792
346910
10865
813
298618
338953
500664
23629
286565
1495
117251
476669
267860
7299
941
9428
2907
507089
686
786892
1878
583083
762504
1233413
522681
1427
424139
8065
696806
20662
9426
59440
395
411088
46529
34544
15512
290595
337170
9659
433
33
583
9398
588
214
504608
38050
41630
7980
3021
9928
1585
335
8839
501170
52449
296524
631843
37834
9679
7451
9358
14869
446354
9023
97630
8329
536554
338766
526896
2978
17979
149
9366
7518
103663
278154
11216
12429
1374
1367
11322
547016
2787
492
5503
10830
824
376570
147441
152584
2268
1735
9603
1577
49046
279
493529
134374
514999
438695
785084
4233
1578
369885
9637
397243
945961
14306
9602
193756
985939
1885
76
391
1701
9533
8916
823464
10947
840
45317
1903
4347
9522
6477
133805
581
508965
136797
1907
109418
71552
11423
400155
10515
34851
302401
55721
5175
10137
9800
9732
91586
134
417859
12153
8699
11886
399035
639
63311
9286
558449
90
16859
9016
36955
305470
6947
7737
8835
764
227156
1452
123553
9273
924
406
325133
484247
4133
27581
378064
381341
10719
138697
635302
291870
525
37136
9495
4256
2698
911430
339988
9820
1371
4327
2789
213
387426
1996
19404
72545
51828
186
136400
57165
938
3580
637920
9919
590223
203833
9392
2270
270946
571
399057
329996
116741
537996
164
929590
787699
869
503736
3981
2832
402
866398
205587
87421
912649
360920
188161
8698
132232
205775
8273
272693
34584
834
805
290098
227159
2024
356305
770
710
224141
116
1369
52520
588228
36648
321697
613
725201
227306
9297
9342
6145
653346
205584
71679
184315
7340
9837
22954
146216
1272
20766
4964
9798
1924
86838
7555
276907
19994
829
49524
11778
1587
2123
10330
7453
346
1948
489999
515195
249164
10196
505026
929
335977
116149
274479
703
22971
936075
35791
1493
522938
10229
1817
466420
82682
10189
376660
376659
72570
8920
83533
881
228161
4771
8810
442249
41446
277216
1213
340837
379686
48138
225886
3558
136795
189
460019
9739
40807
10483
582
9982
569547
64686
882598
37094
1054867
75174
2898
14756
529203
9313
345911
55779
663
10501
9804
7350
16871
8271
2253
81
301337
4148
522402
950396
1010581
3082
11619
71676
400535
426426
351460
5176
1164
10591
853
438148
10661
9078
4234
71
670292
646
2280
334
1592
72976
22947
12163
72710
1089
153518
760104
752623
5038
10184
4147
396371
871
615656
8645
4538
122081
41513
9475
270487
9335
658
296099
252
198277
246741
257445
1690
300671
298250
1955
12437
986056
455207
2277
9323
746036
19912
258480
884605
819
7445
94329
1586
59961
321258
343674
346672
301365
576845
646385
12244
44048
1598
481848
614934
1640
11665
617653
1541
9481
16320
419479
36669
664
239
169
256274
713704
73723
423204
2164
446021
9762
1992
426063
1008042
204082
9472
30497
448119
274854
793
399170
3176
97370
718789
696506
62215
1078605
82520
521029
313297
816
615777
80
9486
8965
580175
13649
347031
11917
1246
241
926393
136799
232672
152760
587792
308531
77877
10200
9390
59
942
265195
617126
400617
172385
5174
44943
371638
1062722
20943
2899
582014
2252
68
2288
340102
11621
866
914
514847
37247
193610
23169
456740
10054
817
406759
7512
9870
9291
77950
594767
13387
417678
499932
50456
77016
57212
1621
50348
1620
280092
600354
212778
65086
937278
1669
462
278924
1234821
258216
9489
1368337
4257
15121
512196
160588
11674
27582
267935
6795
1443
62214
146
314
9362
4995
8367
7735
429197
8487
796
1011985
384521
1226863
59962
261023
695721
58233
766
504949
87093
8619
572802
458576
23631
9032
765
11887
1242898
399361
258230
1103
72331
458423
609681
295964
449563
3594
12222
906126
401104
8337
872
46705
74643
974576
443791
1966
22804
457799
220289
2756
381289
173897
277685
397837
10948
1370
6075
328425
531309
263472
392
419478
947
109451
899082
109431
980489
433808
1375
140823
40805
9506
762441
244267
262391
957
714
455980
9361
841
6023
19959
674324
818
2005
400650
10312
1542
39451
2486
644495
76025
274167
12133
449443
6557
353616
968
157433
100042
9476
913290
18487
6978
501929
597208
470
15969
393519
149870
3034
462919
915935
8055
11130
8413
10585
9792
581734
573435
511987
46738
9614
622
8656
939243
555604
9334
657
76649
1904
516486
490
609
4488
10066
285783
180863
556984
11247
1064213
440
979
9354
12113
1084242
9772
8741
13809
35690
726209
8967
8922
412117
82633
43949
68722
2758
940721
447277
68730
822119
259694
192
7214
756
109421
41439
9029
378236
1738
3050
818647
10439
228205
9355
975
843
9471
3597
238615
9655
249070
635744
36643
9714
943
519182
179144
49730
13310
119283
10494
543540
882569
619
284293
1275779
2666
38408
60935
62764
9470
10022
934433
415842
167073
15472
917496
11836
46838
491418
1083381
1970
950387
157547
3175
1241982
7220
11283
51739
10734
1934
406563
61979
758323
205
525661
421
25
59108
249397
503314
753342
665
565770
429351
15092
11906
567748
9889
7840
10999
8068
1255
429200
10521
58224
402431
36685
438799
359410
1267
13027
786
1381
551332
1072790
72113
69
1268
375588
32856
458897
9327
11430
9598
6537
803796
303858
978
631842
19
71859
43539
23398
96936
44040
394117
137094
533
1656
319
112205
4513
829280
4258
1278
845781
364689
718821
314095
2310
65057
49797
398173
103731
605116
575265
152742
540901
26388
35056
77930
8643
158011
9539
95610
26466
398181
27573
5236
930564
9902
574475
1087192
353070
9992
9593
9277
585083
801
5966
169917
612
484641
9336
542178
768
9352
1645
1580
9801
610150
132363
9374
157386
712
382591
619730
7484
601666
342470
2044
59965
76640
944
10637
420634
889737
1368166
37056
9315
9705
49520
823219
697843
431693
638
531219
241554
4442
600583
531428
9473
13363
193893
313922
210479
10202
400160
9279
309809
599
379149
8009
261392
1032823
74465
9373
497828
1887
228326
116711
11007
55
9477
86829
568091
49517
1607
928
800158
9003
420814
610253
11024
4977
1574
109491
23437
546121
445651
257091
677179
840326
865
452507
541671
1832
700391
459992
227719
8874
740985
22894
451915
62835
25376
11005
8054
1100988
945729
306947
595
521
8204
5925
762975
502033
4476
614917
602269
535581
505948
13207
417384
763215
6466
9387
9383
705861
388399
1005331
505600
482373
17609
403119
96
5
9767
109443
38117
951
265177
37958
9360
346648
